rgb(128, 128, 128)
rgb(81, 149, 72)
rgb(31, 63, 85)
rgb(13, 102, 180)
rgb(123, 114, 204)
rgb(133, 157, 200)
rgb(108, 98, 107)
rgb(23, 190, 76)
rgb(95, 82, 189)
rgb(150, 87, 210)
rgb(105, 113, 158)
rgb(74, 210, 125)
rgb(47, 179, 91)
rgb(42, 63, 142)
rgb(80, 237, 116)
rgb(48, 240, 57)
rgb(217, 0, 17)
rgb(25, 184, 94)
rgb(232, 35, 30)
rgb(217, 4, 15)
rgb(27, 124, 183)
rgb(16, 125, 225)
rgb(23, 219, 135)
rgb(54, 229, 154)
rgb(141, 110, 57)
rgb(211, 8, 2)
rgb(94, 63, 225)
rgb(39, 112, 93)
rgb(71, 216, 97)
rgb(79, 232, 179)
rgb(48, 246, 89)
rgb(17, 145, 84)
rgb(72, 175, 76)
rgb(130, 229, 199)
rgb(148, 131, 79)
rgb(47, 251, 152)
rgb(149, 122, 133)
rgb(73, 180, 117)
rgb(82, 215, 118)
rgb(67, 200, 247)
rgb(13, 141, 247)
rgb(243, 42, 33)
rgb(105, 163, 132)
